
#################################################################
# Summary Statistics
#################################################################

DIC = 77.91276

                 Mean    SD  2.5%    5%   25%   50%   75%   95% 97.5%
p.Age -107.aqua 0.477 0.319 0.017 0.035 0.177 0.446 0.783 0.960 0.981
p.Age -106.aqua 0.480 0.336 0.008 0.016 0.160 0.458 0.809 0.983 0.993
p.Age -105.aqua 0.491 0.337 0.009 0.019 0.160 0.479 0.811 0.983 0.993
p.Age -104.aqua 0.487 0.337 0.006 0.014 0.158 0.481 0.814 0.982 0.992
p.Age -103.aqua 0.486 0.340 0.009 0.018 0.145 0.480 0.811 0.980 0.991
p.Age -102.aqua 0.483 0.338 0.008 0.017 0.148 0.473 0.809 0.981 0.991
p.Age -101.aqua 0.485 0.333 0.007 0.016 0.166 0.475 0.809 0.984 0.992
p.Age -100.aqua 0.484 0.339 0.008 0.016 0.153 0.479 0.814 0.980 0.992
p.Age -39.aqua  0.484 0.335 0.008 0.018 0.156 0.472 0.804 0.978 0.992
p.Age 205.aqua  0.483 0.335 0.008 0.017 0.161 0.467 0.804 0.982 0.992
p.Age 448.aqua  0.483 0.339 0.008 0.016 0.154 0.468 0.817 0.982 0.992
p.Age 787.aqua  0.487 0.336 0.007 0.016 0.157 0.478 0.810 0.982 0.993
p.Age 1213.aqua 0.486 0.335 0.008 0.016 0.158 0.479 0.807 0.982 0.992
p.Age 1343.aqua 0.488 0.335 0.008 0.017 0.161 0.473 0.811 0.979 0.991
p.Age 1666.aqua 0.480 0.337 0.008 0.017 0.154 0.462 0.807 0.981 0.992
p.Age 1927.aqua 0.482 0.337 0.006 0.015 0.150 0.467 0.811 0.979 0.991
p.Age 2222.aqua 0.485 0.337 0.007 0.014 0.159 0.482 0.813 0.981 0.992
p.Age 2790.aqua 0.487 0.338 0.008 0.017 0.160 0.470 0.810 0.980 0.991
p.Age 3411.aqua 0.483 0.337 0.007 0.016 0.157 0.470 0.809 0.978 0.989
p.Age 3824.aqua 0.482 0.340 0.007 0.017 0.146 0.461 0.813 0.982 0.993
p.Age 4246.aqua 0.481 0.338 0.006 0.014 0.151 0.472 0.813 0.981 0.992
p.Age 4674.aqua 0.485 0.337 0.008 0.018 0.146 0.483 0.808 0.980 0.992
p.Age 5064.aqua 0.478 0.358 0.007 0.013 0.119 0.446 0.853 0.984 0.993
p.Age 5349.aqua 0.488 0.339 0.008 0.016 0.152 0.478 0.818 0.982 0.991
p.Age 5671.aqua 0.478 0.344 0.008 0.015 0.133 0.462 0.820 0.981 0.992
p.Age 5774.aqua 0.456 0.388 0.005 0.010 0.074 0.315 0.889 0.987 0.994
p.Age 5950.aqua 0.477 0.364 0.007 0.014 0.110 0.440 0.866 0.985 0.993
p.Age 6112.aqua 0.462 0.392 0.005 0.010 0.077 0.306 0.899 0.987 0.995
p.Age 6207.aqua 0.454 0.396 0.005 0.010 0.067 0.282 0.904 0.988 0.994
p.Age -107.terr 0.523 0.319 0.019 0.040 0.217 0.554 0.823 0.965 0.983
p.Age -106.terr 0.520 0.336 0.007 0.017 0.191 0.542 0.840 0.984 0.992
p.Age -105.terr 0.509 0.337 0.007 0.017 0.189 0.521 0.840 0.981 0.991
p.Age -104.terr 0.513 0.337 0.008 0.018 0.186 0.519 0.842 0.986 0.994
p.Age -103.terr 0.514 0.340 0.009 0.020 0.189 0.520 0.855 0.982 0.991
p.Age -102.terr 0.517 0.338 0.009 0.019 0.191 0.527 0.852 0.983 0.992
p.Age -101.terr 0.515 0.333 0.008 0.016 0.191 0.525 0.834 0.984 0.993
p.Age -100.terr 0.516 0.339 0.008 0.020 0.186 0.521 0.847 0.984 0.992
p.Age -39.terr  0.516 0.335 0.008 0.022 0.196 0.528 0.844 0.982 0.992
p.Age 205.terr  0.517 0.335 0.008 0.018 0.196 0.533 0.839 0.983 0.992
p.Age 448.terr  0.517 0.339 0.008 0.018 0.183 0.532 0.846 0.984 0.992
p.Age 787.terr  0.513 0.336 0.007 0.018 0.190 0.522 0.843 0.984 0.993
p.Age 1213.terr 0.514 0.335 0.008 0.018 0.193 0.521 0.842 0.984 0.992
p.Age 1343.terr 0.512 0.335 0.009 0.021 0.189 0.527 0.839 0.983 0.992
p.Age 1666.terr 0.520 0.337 0.008 0.019 0.193 0.538 0.846 0.983 0.992
p.Age 1927.terr 0.518 0.337 0.009 0.021 0.189 0.533 0.850 0.985 0.994
p.Age 2222.terr 0.515 0.337 0.008 0.019 0.187 0.518 0.841 0.986 0.993
p.Age 2790.terr 0.513 0.338 0.009 0.020 0.190 0.530 0.840 0.983 0.992
p.Age 3411.terr 0.517 0.337 0.011 0.022 0.191 0.530 0.843 0.984 0.993
p.Age 3824.terr 0.518 0.340 0.007 0.018 0.187 0.539 0.854 0.983 0.993
p.Age 4246.terr 0.519 0.338 0.008 0.019 0.187 0.528 0.849 0.986 0.994
p.Age 4674.terr 0.515 0.337 0.008 0.020 0.192 0.517 0.854 0.982 0.992
p.Age 5064.terr 0.522 0.358 0.007 0.016 0.147 0.554 0.881 0.987 0.993
p.Age 5349.terr 0.512 0.339 0.009 0.018 0.182 0.522 0.848 0.984 0.992
p.Age 5671.terr 0.522 0.344 0.008 0.019 0.180 0.538 0.867 0.985 0.992
p.Age 5774.terr 0.544 0.388 0.006 0.013 0.111 0.685 0.926 0.990 0.995
p.Age 5950.terr 0.523 0.364 0.007 0.015 0.134 0.560 0.890 0.986 0.993
p.Age 6112.terr 0.538 0.392 0.005 0.013 0.101 0.694 0.923 0.990 0.995
p.Age 6207.terr 0.546 0.396 0.006 0.012 0.096 0.718 0.933 0.990 0.995
