
################################################################################
# Gelman-Rubin Diagnostic
################################################################################

Generally the Gelman diagnostic should be < 1.05


Out of 119 variables: 0 > 1.01

                      
0 > 1.05

                      
0 > 1.1


The worst variables are:

              Point est. Upper C.I.
p.fac1[14,1]    1.001390   1.005531
p.fac1[14,2]    1.001390   1.005531
p.fac1[24,1]    1.001098   1.004354
p.fac1[24,2]    1.001098   1.004354
ilr.fac1[9,1]   1.001046   1.004248
p.fac1[17,1]    1.000990   1.003927
p.fac1[17,2]    1.000990   1.003927
p.fac1[6,1]     1.000972   1.003924
p.fac1[6,2]     1.000972   1.003924
p.fac1[18,1]    1.000967   1.003957


And here are the Gelman diagnostics for all variables:

               Point est. Upper C.I.
deviance        1.0001243   1.000842
ilr.fac1[1,1]         NaN        NaN
ilr.fac1[10,1]  1.0001110   1.000195
ilr.fac1[11,1]  1.0001278   1.000918
ilr.fac1[12,1]  1.0000644   1.000313
ilr.fac1[13,1]  1.0002365   1.001317
ilr.fac1[14,1]  1.0003172   1.001364
ilr.fac1[15,1]  0.9999812   1.000043
ilr.fac1[16,1]  0.9999657   1.000227
ilr.fac1[17,1]  1.0001280   1.000640
ilr.fac1[18,1]  1.0002052   1.000868
ilr.fac1[19,1]  0.9999740   1.000139
ilr.fac1[2,1]   1.0001071   1.000478
ilr.fac1[20,1]  1.0001569   1.000570
ilr.fac1[21,1]  1.0006556   1.002606
ilr.fac1[22,1]  1.0000858   1.000556
ilr.fac1[23,1]  0.9999984   1.000358
ilr.fac1[24,1]  1.0000416   1.000537
ilr.fac1[25,1]  1.0001034   1.000494
ilr.fac1[26,1]  1.0000342   1.000486
ilr.fac1[27,1]  1.0000883   1.000603
ilr.fac1[28,1]  0.9999816   1.000139
ilr.fac1[29,1]  1.0002515   1.001102
ilr.fac1[3,1]   0.9999734   1.000214
ilr.fac1[4,1]   1.0000147   1.000097
ilr.fac1[5,1]   1.0004150   1.001862
ilr.fac1[6,1]   1.0001269   1.000792
ilr.fac1[7,1]   1.0001279   1.000234
ilr.fac1[8,1]   0.9999898   1.000387
ilr.fac1[9,1]   1.0010462   1.004248
loglik[1]       1.0000383   1.000365
loglik[10]      0.9999786   1.000340
loglik[11]      1.0003356   1.001114
loglik[12]      1.0008080   1.003326
loglik[13]      1.0002075   1.000649
loglik[14]      1.0001898   1.001107
loglik[15]      1.0001006   1.000749
loglik[16]      1.0001963   1.001101
loglik[17]      1.0003963   1.001797
loglik[18]      1.0002708   1.000992
loglik[19]      0.9999784   1.000049
loglik[2]       1.0001315   1.000346
loglik[20]      1.0001142   1.000355
loglik[21]      1.0000071   1.000240
loglik[22]      0.9999480   1.000236
loglik[23]      1.0000587   1.000087
loglik[24]      1.0003382   1.001571
loglik[25]      1.0006116   1.001346
loglik[26]      1.0007468   1.002164
loglik[27]      0.9999372   1.000027
loglik[28]      1.0000197   1.000323
loglik[29]      1.0001177   1.000376
loglik[3]       1.0004436   1.001576
loglik[4]       1.0001916   1.000679
loglik[5]       1.0002808   1.000599
loglik[6]       1.0008314   1.003086
loglik[7]       1.0000648   1.000595
loglik[8]       1.0004510   1.001290
loglik[9]       1.0000153   1.000018
p.fac1[1,1]     1.0008314   1.003436
p.fac1[1,2]     1.0008314   1.003436
p.fac1[10,1]    1.0004342   1.001915
p.fac1[10,2]    1.0004342   1.001915
p.fac1[11,1]    1.0009212   1.003777
p.fac1[11,2]    1.0009212   1.003777
p.fac1[12,1]    1.0006779   1.002582
p.fac1[12,2]    1.0006779   1.002582
p.fac1[13,1]    1.0009429   1.003881
p.fac1[13,2]    1.0009429   1.003881
p.fac1[14,1]    1.0013901   1.005531
p.fac1[14,2]    1.0013901   1.005531
p.fac1[15,1]    1.0003639   1.001752
p.fac1[15,2]    1.0003639   1.001752
p.fac1[16,1]    1.0004378   1.002046
p.fac1[16,2]    1.0004378   1.002046
p.fac1[17,1]    1.0009897   1.003927
p.fac1[17,2]    1.0009897   1.003927
p.fac1[18,1]    1.0009674   1.003957
p.fac1[18,2]    1.0009674   1.003957
p.fac1[19,1]    1.0003895   1.001834
p.fac1[19,2]    1.0003895   1.001834
p.fac1[2,1]     1.0001911   1.001126
p.fac1[2,2]     1.0001911   1.001126
p.fac1[20,1]    1.0007116   1.003004
p.fac1[20,2]    1.0007116   1.003004
p.fac1[21,1]    1.0007850   1.003297
p.fac1[21,2]    1.0007850   1.003297
p.fac1[22,1]    1.0008452   1.003523
p.fac1[22,2]    1.0008452   1.003523
p.fac1[23,1]    1.0008659   1.003609
p.fac1[23,2]    1.0008659   1.003609
p.fac1[24,1]    1.0010983   1.004354
p.fac1[24,2]    1.0010983   1.004354
p.fac1[25,1]    1.0004252   1.001990
p.fac1[25,2]    1.0004252   1.001990
p.fac1[26,1]    1.0003929   1.001853
p.fac1[26,2]    1.0003929   1.001853
p.fac1[27,1]    1.0006007   1.002648
p.fac1[27,2]    1.0006007   1.002648
p.fac1[28,1]    1.0002776   1.001432
p.fac1[28,2]    1.0002776   1.001432
p.fac1[29,1]    1.0004326   1.002033
p.fac1[29,2]    1.0004326   1.002033
p.fac1[3,1]     1.0004707   1.002100
p.fac1[3,2]     1.0004707   1.002100
p.fac1[4,1]     1.0002613   1.001378
p.fac1[4,2]     1.0002613   1.001378
p.fac1[5,1]     1.0000661   1.000679
p.fac1[5,2]     1.0000661   1.000679
p.fac1[6,1]     1.0009723   1.003924
p.fac1[6,2]     1.0009723   1.003924
p.fac1[7,1]     1.0004926   1.002258
p.fac1[7,2]     1.0004926   1.002258
p.fac1[8,1]     1.0006778   1.002843
p.fac1[8,2]     1.0006778   1.002843
p.fac1[9,1]     1.0004593   1.002089
p.fac1[9,2]     1.0004593   1.002089
p.global[1]     1.0008314   1.003436
p.global[2]     1.0008314   1.003436

################################################################################
# Geweke Diagnostic
################################################################################

The Geweke diagnostic is a standard z-score, so we'd expect 5% to be outside +/-1.96
Number of variables outside +/-1.96 in each chain (out of 
119
):


       Chain 1 Chain 2 Chain 3
Geweke       4       2       1


And here are the Geweke diagnostics for all variables:

               chain1 chain2 chain3
deviance        0.957  1.426  0.375
ilr.fac1[10,1] -2.065  0.855 -0.350
ilr.fac1[11,1]  0.597 -0.274 -0.603
ilr.fac1[12,1] -1.156  1.005  0.280
ilr.fac1[13,1]  0.771  0.377  2.690
ilr.fac1[14,1] -1.069  0.485 -0.297
ilr.fac1[15,1] -0.118  0.429 -1.931
ilr.fac1[16,1]  0.856 -0.824  0.686
ilr.fac1[17,1]  0.907 -0.960 -0.886
ilr.fac1[18,1]  1.228 -2.918  0.187
ilr.fac1[19,1]  1.415  0.969  0.893
ilr.fac1[2,1]   1.305 -0.150  0.845
ilr.fac1[20,1] -1.365 -0.740 -0.826
ilr.fac1[21,1]  0.008  0.903  1.422
ilr.fac1[22,1]  1.775 -0.225 -1.574
ilr.fac1[23,1]  1.050 -0.363  0.186
ilr.fac1[24,1]  1.136  1.534 -0.622
ilr.fac1[25,1] -1.803 -0.613  1.537
ilr.fac1[26,1]  1.359 -0.574  0.029
ilr.fac1[27,1]  0.397 -0.361  0.781
ilr.fac1[28,1]  0.206  0.645 -0.732
ilr.fac1[29,1]  0.750  0.782  0.956
ilr.fac1[3,1]  -0.897  0.327 -0.060
ilr.fac1[4,1]  -0.600 -0.866  0.952
ilr.fac1[5,1]  -0.375  1.413 -1.241
ilr.fac1[6,1]   3.138 -0.220 -0.378
ilr.fac1[7,1]  -0.421  0.347  1.392
ilr.fac1[8,1]  -0.617  0.800  1.094
ilr.fac1[9,1]  -1.245  0.199  0.111
loglik[1]       0.637 -0.249  1.679
loglik[10]     -0.540 -0.569 -0.302
loglik[11]     -1.751 -1.357 -0.389
loglik[12]     -0.010 -0.611  0.846
loglik[13]     -0.708 -1.184 -0.173
loglik[14]      0.663 -0.850  0.934
loglik[15]     -0.294 -0.646 -0.129
loglik[16]     -0.299 -0.168 -0.569
loglik[17]     -0.576 -1.469 -0.588
loglik[18]     -0.318 -2.729  1.166
loglik[19]     -0.352 -1.302  1.237
loglik[2]       0.052 -0.154  0.848
loglik[20]     -0.458 -0.797  1.161
loglik[21]     -1.582  0.383 -0.001
loglik[22]     -0.252 -0.507  1.611
loglik[23]     -0.719 -1.397  1.263
loglik[24]     -0.577 -0.070 -0.765
loglik[25]     -1.473 -0.535  1.065
loglik[26]      0.404 -0.520 -0.331
loglik[27]     -0.829  0.156 -0.720
loglik[28]      0.351 -0.051 -1.419
loglik[29]     -1.166 -0.620 -1.450
loglik[3]       0.065 -0.357  0.663
loglik[4]       1.795 -0.311  1.103
loglik[5]      -1.419 -0.193 -0.017
loglik[6]      -0.728 -0.481  0.424
loglik[7]       0.400 -1.347  0.898
loglik[8]      -0.882 -0.236  0.746
loglik[9]      -1.096 -1.087 -0.561
p.fac1[1,1]     0.633  0.380  0.837
p.fac1[1,2]    -0.633 -0.380 -0.837
p.fac1[10,1]   -0.858  0.435  0.486
p.fac1[10,2]    0.858 -0.435 -0.486
p.fac1[11,1]    0.740  0.665  0.474
p.fac1[11,2]   -0.740 -0.665 -0.474
p.fac1[12,1]    0.233  1.042  0.849
p.fac1[12,2]   -0.233 -1.042 -0.849
p.fac1[13,1]    0.547  0.370  1.695
p.fac1[13,2]   -0.547 -0.370 -1.695
p.fac1[14,1]   -0.643  0.570  0.675
p.fac1[14,2]    0.643 -0.570 -0.675
p.fac1[15,1]    0.482  0.278 -0.442
p.fac1[15,2]   -0.482 -0.278  0.442
p.fac1[16,1]    0.739 -0.058  1.299
p.fac1[16,2]   -0.739  0.058 -1.299
p.fac1[17,1]    1.087 -0.079  0.352
p.fac1[17,2]   -1.087  0.079 -0.352
p.fac1[18,1]    1.029 -1.016  0.646
p.fac1[18,2]   -1.029  1.016 -0.646
p.fac1[19,1]    1.732  0.708  1.137
p.fac1[19,2]   -1.732 -0.708 -1.137
p.fac1[2,1]     1.644 -0.096  1.453
p.fac1[2,2]    -1.644  0.096 -1.453
p.fac1[20,1]   -0.794  0.010  0.107
p.fac1[20,2]    0.794 -0.010 -0.107
p.fac1[21,1]    0.473  1.157  1.050
p.fac1[21,2]   -0.473 -1.157 -1.050
p.fac1[22,1]    0.797  0.179 -0.235
p.fac1[22,2]   -0.797 -0.179  0.235
p.fac1[23,1]    0.930  0.362  0.505
p.fac1[23,2]   -0.930 -0.362 -0.505
p.fac1[24,1]    1.633  1.132 -0.117
p.fac1[24,2]   -1.633 -1.132  0.117
p.fac1[25,1]   -0.646  0.003  1.461
p.fac1[25,2]    0.646 -0.003 -1.461
p.fac1[26,1]    0.474 -0.262  0.439
p.fac1[26,2]   -0.474  0.262 -0.439
p.fac1[27,1]    0.775  0.243  1.040
p.fac1[27,2]   -0.775 -0.243 -1.040
p.fac1[28,1]    0.233  0.814  0.358
p.fac1[28,2]   -0.233 -0.814 -0.358
p.fac1[29,1]    0.829  0.984  0.943
p.fac1[29,2]   -0.829 -0.984 -0.943
p.fac1[3,1]    -0.191  0.417 -0.015
p.fac1[3,2]     0.191 -0.417  0.015
p.fac1[4,1]     0.058 -0.214  0.875
p.fac1[4,2]    -0.058  0.214 -0.875
p.fac1[5,1]     0.455  0.975 -0.335
p.fac1[5,2]    -0.455 -0.975  0.335
p.fac1[6,1]     2.129  0.470 -0.105
p.fac1[6,2]    -2.129 -0.470  0.105
p.fac1[7,1]     0.041  0.157  1.524
p.fac1[7,2]    -0.041 -0.157 -1.524
p.fac1[8,1]     0.081  0.597  1.199
p.fac1[8,2]    -0.081 -0.597 -1.199
p.fac1[9,1]     0.165  0.520  0.550
p.fac1[9,2]    -0.165 -0.520 -0.550
p.global[1]     0.633  0.380  0.837
p.global[2]    -0.633 -0.380 -0.837
